structure(list(fw_id = c(17083, 3502, 15826, 17134, 0, 0, 3513, 
3455, 3492, 0), dowlknum = c("67001400", "67001300", "67000100", 
"59002000", "59002200", "59002300", "67001200", "59000100", "67000200", 
"53004300"), pw_basin_n = c("Luverne Veterans Pond", "Luverne Pit", 
"North Mound Springs", "Edgerton Pond", "Snyder Farm Pond", "Brockberg Pond", 
"Hills Reservoir", "Split Rock Reservoir", "South Mound Springs", 
"Unnamed"), pw_parent_ = c("Luverne Veterans Pond", "Luverne Pit", 
"North Mound Springs", "Edgerton Pond", "Snyder Farm Pond", "Brockberg Pond", 
"Hills Reservoir", "Split Rock Creek", "South Mound Springs", 
"Unnamed"), pw_sub_nam = c(NA, NA, NA, NA, NA, NA, "Hills Reservoir", 
"Split Rock Reservoir", NA, NA), sub_flag = c("N", "N", "N", 
"N", "N", "N", "R", "R", "N", "N"), wb_class = c("Lake or Pond", 
"Mine Pit Lake", "Lake or Pond", "Lake or Pond", "Lake or Pond", 
"Lake or Pond", "Reservoir", "Reservoir", "Lake or Pond", "Intermittent Water"
), lake_class = c(0L, 0L, 0L, 0L, 0L, 0L, 37L, 42L, 37L, 0L), 
    acres = c(2.34166435, 2.55990325, 10.19825109, 0.14315764, 
    3.90016673, 3.31585247, 5.78290073, 95.79438228, 20.01287265, 
    42.82941023), shore_mi = c(0.26253078, 0.28611278, 0.73898084, 
    0.0618796, 0.42919337, 0.35537543, 0.43739278, 3.46632961, 
    1.13173288, 1.01139085), center_utm = c(241280.417962, 240992.683224, 
    243071.238169, 248376.250236, 245491.616855, 226464.117129, 
    228150.811663, 229935.824382, 243770.955845, 265124.982143
    ), center_u_1 = c(4840063.02631, 4835551.88334, 4845777.32278, 
    4862139.64556, 4865296.78513, 4861538.25488, 4824584.64638, 
    4865905.60886, 4845183.5837, 4830292.81984), cty_name = c("Rock", 
    "Rock", "Rock", "Pipestone", "Pipestone", "Pipestone", "Rock", 
    "Pipestone", "Rock", "Nobles"), dnr_region = c(4L, 4L, 4L, 
    4L, 4L, 4L, 4L, 4L, 4L, 4L), fsh_office = c(NA, "Windom", 
    NA, NA, NA, NA, "Windom", "Windom", "Windom", NA), outside_mn = c("N", 
    "N", "N", "N", "N", "N", "N", "N", "N", "N"), delineated = c("Fsh", 
    "Fsh", NA, "EWR", "EWR", "EWR", "Fsh", "Fsh", "Fsh", "EWR"
    ), delineatio = structure(c(14014, 13721, NA, 14014, 15239, 
    15239, 13525, 13783, 13721, 15239), class = "Date"), delineat_1 = c("2004 FSA", 
    "2004 FSA", "DNR 24k POLYS", "z_redig2-flag", "PWI", "PWI", 
    "2004 FSA", "2004 FSA", "2004 FSA", "PWI"), delineat_2 = c("Re-delineation by DNR Fisheries staff", 
    "Re-delineation by DNR Fisheries staff", NA, "Polygon from Public Waters (PW Subs) layer", 
    "Polygon from Public Waters (PW Subs) layer", "Polygon from Public Waters (PW Subs) layer", 
    "Re-delineation by DNR Fisheries staff", "Re-delineation by DNR Fisheries staff", 
    "Re-delineation by DNR Fisheries staff", "Polygon from Public Waters (PW Subs) layer"
    ), approved_b = c(NA_character_, NA_character_, NA_character_, 
    NA_character_, NA_character_, NA_character_, NA_character_, 
    NA_character_, NA_character_, NA_character_), approval_d = structure(c(NA_real_, 
    NA_real_, NA_real_, NA_real_, NA_real_, NA_real_, NA_real_, 
    NA_real_, NA_real_, NA_real_), class = "Date"), approval_n = c(NA, 
    "chk mine pit-not on LAM", NA, NA, NA, NA, NA, NA, NA, NA
    ), has_flag = c("Y", "Y", NA, "Y", NA, NA, "Y", "Y", "Y", 
    NA), flag_type = c("FSW", "FSW, SVY", NA, "FSW", NA, NA, 
    "FSW, SVY", "RCL, SVY", "SVY", NA), publish_da = structure(c(18774, 
    18774, 18774, 18774, 18774, 18774, 18774, 18774, 18774, 18774
    ), class = "Date"), lksdb_basi = c(19914, 19913, 19910, 20698, 
    23962, 25416, 19912, 20580, 19911, 17854), has_wld_fl = c(NA_character_, 
    NA_character_, NA_character_, NA_character_, NA_character_, 
    NA_character_, NA_character_, NA_character_, NA_character_, 
    NA_character_), wld_flag_t = c(NA_character_, NA_character_, 
    NA_character_, NA_character_, NA_character_, NA_character_, 
    NA_character_, NA_character_, NA_character_, NA_character_
    ), unique_id = c(17390, 22037, 157501, 21967, 26608, 23990, 
    17169, 6899, 8446, 28279), created_us = c(NA_character_, 
    NA_character_, NA_character_, NA_character_, NA_character_, 
    NA_character_, NA_character_, NA_character_, NA_character_, 
    NA_character_), created_da = structure(c(NA_real_, NA_real_, 
    NA_real_, NA_real_, NA_real_, NA_real_, NA_real_, NA_real_, 
    NA_real_, NA_real_), class = "Date"), last_edite = c("DNRHYDRO", 
    "DNRHYDRO", "DNRHYDRO", "DNRHYDRO", "DNRHYDRO", "DNRHYDRO", 
    "DNRHYDRO", "DNRHYDRO", "DNRHYDRO", "DNRHYDRO"), last_edi_1 = structure(c(18233, 
    18233, 18233, 18233, 18233, 18233, 18233, 18233, 18233, 18233
    ), class = "Date"), ow_use = c("Y", "Y", "Y", "Y", "Y", "Y", 
    "Y", "Y", "Y", "Y"), pwi_class = c(NA, NA, "P", NA, NA, NA, 
    NA, "P", "P", NA), map_displa = c("Y", "Y", "Y", "Y", "Y", 
    "Y", "Y", "Y", "Y", "N"), map_label = c("Luverne Veterans Pond", 
    "Luverne Pit", "North Mound Springs", "Edgerton Pond", "Snyder Farm Pond", 
    "Brockberg Pond", "Hills Reservoir", "Split Rock Reservoir", 
    "South Mound Springs", "Unnamed"), shape_Leng = c(422.503174015, 
    460.454803053, 1189.27704879, 99.5857611327, 690.721162492, 
    571.922463073, 703.916851066, 5578.52791015, 1821.35115938, 
    1627.6790526), shape_Area = c(9476.37939868, 10359.5608887, 
    41270.8579052, 579.338430701, 15783.4147749, 13418.778851, 
    23402.5689732, 387666.111177, 80989.222227, 173324.473844
    ), INSIDE_X = c(241280.417962, 240992.683224, 243071.23825, 
    248376.250236, 245491.616851, 226464.11713, 228150.811663, 
    229935.82438, 243770.955845, 265124.982143), INSIDE_Y = c(4840063.02631, 
    4835551.88334, 4845777.32278, 4862139.64556, 4865296.78514, 
    4861538.25488, 4824584.64638, 4865905.60886, 4845183.5837, 
    4830292.81984), in_lakefin = c("Y", "Y", "Y", "Y", "N", "N", 
    "Y", "Y", "Y", "N"),